,Cer 36:1;O2,Cer 40:0;O2,Cer 40:1;O2,Cer 40:2;O2,Cer 41:2;O2,Cer 42:1;O2,Cer 42:2;O2,DG 35:0,Hex2Cer 40:0;O2,Hex2Cer 40:1;O2,HexCer 36:1;O2,HexCer 40:0;O2,HexCer 40:1;O2,HexCer 40:2;O2,HexCer 42:1;O2,HexCer 42:2;O2,LPA 18:1,LPC 16:0,LPC 18:0,LPC 18:1,LPC 20:1,LPC 20:4,LPC 22:6,LPC O-16:0,LPC O-18:0,LPE 18:0,LPE 18:1,LPE 20:0,LPE 22:1,LPE 22:4,LPE 22:6,LPG 20:1,LPS 16:0,PA 32:0,PA 32:1,PA 34:1,PA 36:1,PA 36:2,PA 36:4,PA 38:3,PA 38:4,PA 38:5,PA 40:4,PA 40:6,PC 30:0,PC 32:0,PC 32:1,PC 34:0,PC 34:1,PC 34:2,PC 35:0,PC 36:1,PC 36:2,PC 36:3,PC 38:1,PC 38:2,PC 38:4,PC 38:5,PC 38:6,PC 38:7,PC 40:1,PC 40:2,PC 40:4,PC 40:6,PC 40:7,PC 42:1,PC O-32:0,PC O-34:1,PC O-36:1,PE 36:0,PE 36:1,PE 38:4,PE 38:6,PE 38:7,PE 40:4,PE 40:6,PE 40:7,PE 42:6,PE 42:9,PE O-36:1,PG 34:1,PG 35:0,PG 36:1,PG 36:2,PG 37:1,PG 38:3,PG 38:4,PG 40:4,PG 40:5,PG 40:6,PS 32:1,PS 34:1,PS 36:0,PS 36:1,PS 36:2,PS 36:3,PS 36:4,PS 38:1,PS 38:5,PS 40:6,PS 42:6,PS 42:9,SM 36:1;O2,SM 41:2;O2,SM 42:1;O2,SM 42:2;O2
Cer 36:1;O2,1.0,-0.5461736084399093,-0.5764424619922659,-0.44037820195978117,-0.5060181761737313,-0.525453217085974,-0.43518195354478173,0.7517041837169416,-0.6211179144219319,-0.6361149921377464,-0.6552486392746917,-0.6038288557178317,-0.5283885040059262,-0.520129191714013,-0.5331882414522464,-0.5464630013418815,0.08217137592740018,-0.020058490264500857,-0.11989669592813916,-0.10629275738225043,0.6505664763663087,0.2677931222268953,0.6447311638524437,0.15629589842176808,-0.6099784420770796,0.2777583731367371,-0.49970357993626013,-0.5825019468523265,-0.5736139336272619,-0.06463955252205791,0.7437052531111169,-0.1774527327230422,-0.581002538558202,0.6212612481587353,0.31933378921786354,0.7893934766370024,0.6730218839085896,0.6788244781810233,0.5740472502592613,0.06530420853347105,-0.11283413241981186,0.5928300786678026,0.8387561074950596,0.6299554602167404,0.3976557250684828,0.6420103831796328,0.5805299877617952,0.7018123936900912,0.5056032688353442,0.508372340912371,-0.01923712167613951,-0.19536961501727637,-0.05444828899636897,0.5155668626357247,-0.4924187327756217,-0.49095313153844383,0.7114344600933072,0.6316626590624038,0.5701714697939959,0.7263633860531472,-0.4283129739284228,-0.5998261979071696,0.40412209091791274,0.4054922130924389,0.5531109178132118,-0.402689697894182,0.524236545125697,-0.4878052364645206,-0.5943725347864994,0.813873793754404,0.1273391088331699,0.7304468777085759,0.776566629601578,0.5995338237986927,0.43727165324696954,0.754954424979401,0.7056561273852021,0.6720975989650347,0.6865686618728355,-0.5663773054690724,0.5842040408327186,0.8731434111781436,0.702263934584022,0.48331545097191303,-0.286912607328436,0.5827013743295296,0.6159684476361448,0.7080536133307462,0.716366144496572,0.5772020900789986,-0.247415986898006,0.3346587007767647,0.6234226378842629,-0.3536170836452715,0.5915768635388654,0.8469939943269986,0.6087138302481894,-0.5979656860702898,0.90510578307485,0.847499779121847,-0.5061696281100503,0.5019605267895675,0.684697001210954,0.7945373133759831,-0.5196687382168264,-0.5616806785326587
Cer 40:0;O2,-0.5461736084399093,1.0,0.891038310391302,0.8750437772822394,0.979371332641366,0.7763353830110706,0.8805297860455327,-0.5788012209217304,0.9137705699916886,0.9394696839088982,0.901316765301639,0.9144963001927593,0.8746228237907631,0.8819470784024662,0.8826010829933347,0.9105528657580374,0.1390298482911524,-0.1068937168059037,0.1824026429984526,0.5389523458463117,-0.24331225699783562,-0.4504297365074616,-0.6679232288300586,0.2726747627408023,0.8928784150309844,0.1247464412536126,0.9328134333520414,0.8507743620399364,0.830237168429345,0.45717971747027136,-0.46567172276886665,0.5560878107801588,0.9454238741376874,-0.39143124812962343,0.02581349977515252,-0.6821137573471349,-0.4317044523160197,-0.3434736425466107,-0.31017252523623945,0.22190968898528526,0.5921448889127144,-0.776191363762008,-0.6070438952661411,-0.5466207134396981,-0.13037926486769197,-0.4797592864401966,-0.21712194391705592,-0.4191408395799608,-0.049665385168810965,-0.47315368803797353,0.01628931040293755,0.7295761203678581,0.5504505981432465,-0.4305898186797236,0.8720546154589768,0.8778659573550205,-0.5053632240064507,-0.6931311265026384,-0.39412228452688086,-0.5539552381869127,0.7411685594736817,0.9542875995201834,-0.22702515687444838,-0.32177663502217324,-0.40944496810094416,0.698986897770763,-0.293820293832725,0.8209894525509144,0.9034559018792317,-0.5512295741611843,0.5759868492983778,-0.3206705216028006,-0.4707472833973324,-0.43782621077596406,-0.0723813143732473,-0.325411191272598,-0.4986413044737277,-0.5973256135504728,-0.43481966278025974,0.8243474950158125,-0.2757596179225149,-0.5801092839406897,-0.4344237022816553,-0.4134374898343869,0.8286007498560264,-0.4977014550464954,-0.6278813546855129,-0.5034823197539011,-0.5322621037291894,-0.39816525077574677,0.4992287981633185,-0.16059501163004972,-0.40431042698429975,0.7571598322440771,-0.23507689513520102,-0.6391085974775998,-0.11372599527697888,0.9311644349586327,-0.6459020233552919,-0.4357042678565338,0.8903602866982009,-0.4438775194437186,-0.5470112667368455,-0.5935543388328897,0.674319576282159,0.8957338574402576
Cer 40:1;O2,-0.5764424619922659,0.891038310391302,1.0,0.8040724875987557,0.8383005289987258,0.8513397251032769,0.7876264949830646,-0.6610473393027009,0.802483727765659,0.8090955554300193,0.860515508121621,0.9226864236024384,0.8377679215805105,0.8127654182343449,0.8434067565053208,0.8585048898283092,0.1856857881097327,-0.02280689792693129,0.12756236454808934,0.45545399702012573,-0.2926056260842078,-0.3958185969987201,-0.6603030472820645,0.22554723714641275,0.8106647444196787,0.036527151275619035,0.8421910630176747,0.9240185460673316,0.9234105205606944,0.40759708330931854,-0.48878163621174275,0.46084379775604145,0.8614081570594384,-0.40031721684991245,0.09808884416952876,-0.6390348805059864,-0.478079677090289,-0.3843491517409422,-0.2601133248771411,0.15732858843164782,0.5214351071434152,-0.6649290139169685,-0.6180611104430279,-0.5434967745339228,-0.07214509236598639,-0.4218627944635643,-0.19654239049941435,-0.41682343513832165,-0.05623200992027946,-0.44028330444945424,-0.14132606550701857,0.5967316895735232,0.46696471438816084,-0.4461696811491452,0.7819251585504383,0.8321426042690999,-0.5110224737490208,-0.6114415310623222,-0.4523960995469302,-0.6010886907247798,0.6506874311932724,0.8799595981955115,-0.2744913796475844,-0.34065012177528,-0.4703452838070096,0.6095609028957918,-0.32618244627318443,0.8642829093815249,0.8861830278545664,-0.523934402204357,0.4945381358509119,-0.32586223641099366,-0.4866789564495641,-0.43034832639568993,-0.12624235956330365,-0.4192842138386286,-0.4898843787960229,-0.63322607626626,-0.47573332121125056,0.921381827505848,-0.3432143307229025,-0.6040533394682525,-0.43407099997107834,-0.3920002072429977,0.6911658482657017,-0.5050581495021494,-0.561145316832256,-0.5101286917937032,-0.5503591741413785,-0.45639906523944695,0.4139797972764967,-0.20841364182088043,-0.362822201624395,0.660457685294427,-0.1847520372583004,-0.6446271485262748,-0.17493286968996427,0.9580757943854494,-0.6746433907501326,-0.4682920858828219,0.8162422362140076,-0.39319246313668765,-0.49454337229042766,-0.5205797335302099,0.6541844574715535,0.8596496836901459
Cer 40:2;O2,-0.44037820195978117,0.8750437772822394,0.8040724875987557,1.0,0.8598503860268114,0.70574730091324,0.8319005121478538,-0.5004353636695612,0.7889497417260922,0.7982281240133812,0.7568927252676054,0.7989795783500522,0.7895207016177956,0.7820416096827251,0.7945554984846467,0.8081849748688592,0.15317295303638945,-0.07805885939889522,0.15784973097713165,0.47482048928778947,-0.1896766307929706,-0.37273035856862213,-0.5810947343868877,0.258932543275707,0.743343397678851,0.13393195430985858,0.8241260221351281,0.760423196748126,0.7422893006948347,0.42891053730395445,-0.3915211231850178,0.4788440838580836,0.8062265225541448,-0.296896951317553,0.09119278373776575,-0.5690343308256967,-0.3773910647221892,-0.29108874019042613,-0.2553766774043941,0.19917238718803776,0.5192317886775134,-0.6460853750370922,-0.5050655786208093,-0.456789404540431,-0.04901255204225889,-0.3860025613828594,-0.09261566927470714,-0.33603630457846584,0.01439073376244147,-0.36541749805802914,-0.04952521568875773,0.6225179823816575,0.4877138510368439,-0.3490310527906558,0.7574370814851784,0.7627215313192599,-0.40182960565051956,-0.565931693827597,-0.340268109060412,-0.4659580692186946,0.6472576623631878,0.811001691084847,-0.16773254824971548,-0.28400140175994765,-0.36445489616908056,0.6045842781541779,-0.20980516188884055,0.7620465081735648,0.7997096427235115,-0.44321875663833865,0.5650843963178646,-0.23622661726652885,-0.39906637316443827,-0.35755270149225343,-0.030991606569187924,-0.2922638920167295,-0.40910132342896877,-0.5402819991593261,-0.3759956933002941,0.7459607642791691,-0.2075206188211905,-0.49101489384918606,-0.3783351842444635,-0.321560423687866,0.7196428949641883,-0.39607963073530517,-0.5084286955717302,-0.40212961429991073,-0.424177319183787,-0.34457363572832994,0.4195544637648333,-0.11035773040783368,-0.3257678917130328,0.6940855384087681,-0.2016536757093301,-0.5309469236862026,-0.08091063171551059,0.8269789065619783,-0.5400195140027882,-0.35567999662478833,0.7662931038997302,-0.3795647136605024,-0.4473073832423675,-0.4730013116254014,0.5944809727941921,0.8076152101024625
Cer 41:2;O2,-0.5060181761737313,0.979371332641366,0.8383005289987258,0.8598503860268114,1.0,0.7248074359397131,0.8734669544450309,-0.5242356375106783,0.9176747079230624,0.9356565795769045,0.8745011967156614,0.873499715143244,0.8622831008013337,0.8724211711408375,0.8718838228708702,0.8894041203105247,0.1263841190213156,-0.12818412606237709,0.19211241338027427,0.5555989194838025,-0.20539196724253753,-0.4523943620930555,-0.6311809122838549,0.2837158196669619,0.8794313032651044,0.16888407374756675,0.9236282094308111,0.8048446500215616,0.7778984509393364,0.45797855047494523,-0.4298226987131248,0.5630588969404656,0.9261625379902991,-0.3493572549619402,0.01655828130277952,-0.6673388373212197,-0.4010784624643749,-0.3050032514843585,-0.314932286539591,0.23587424396888215,0.5894410907215103,-0.7732739502994113,-0.5783110549696033,-0.5240858079123402,-0.1264631464192443,-0.48213228510905715,-0.19856269745916155,-0.40152182414362636,-0.03948381238389645,-0.46018955714519033,0.0542761780562693,0.7434597516823537,0.562096027673214,-0.4052370973198074,0.869168569090731,0.8680940080883395,-0.4707737588849452,-0.6803930074564887,-0.3519430785566888,-0.4986307271153572,0.745452559222926,0.9318157007849195,-0.19486400144315064,-0.3010774229644204,-0.3682107233219604,0.7051177774038703,-0.25267341492370987,0.7822316882404757,0.8775009066196129,-0.5302096193555932,0.58026050969779,-0.30272425682359255,-0.4426033344004244,-0.4139673896539322,-0.052798372156977594,-0.2800630089543974,-0.4858805387125028,-0.545665349497729,-0.40746850164866694,0.7765315712262904,-0.22070721258916004,-0.5460814348400458,-0.42633935376900145,-0.39763150340282477,0.8424445757002437,-0.4630514837803791,-0.6184571017982863,-0.47142274737468837,-0.49844733872834623,-0.35583167762344986,0.5067713518328109,-0.11706666756753517,-0.40764107789094756,0.7649773636378696,-0.22822870945168797,-0.6034772363526569,-0.08403890983838633,0.8876569693574557,-0.5930184961608124,-0.3962162213055022,0.8784963237102221,-0.4343490181324326,-0.5411388428432915,-0.5803509479786482,0.6544111445859823,0.8726987715482988
Cer 42:1;O2,-0.525453217085974,0.7763353830110706,0.8513397251032769,0.70574730091324,0.7248074359397131,1.0,0.6906560626323992,-0.5666236895513618,0.7027961437432971,0.7111385667480865,0.7727628391045769,0.808661871769516,0.73615667832047,0.7118342235181373,0.7424947762851442,0.7723711210491582,0.2009298905332203,0.036402630814646834,0.11070036302784554,0.3924789980606763,-0.29609083107214434,-0.3496233462879652,-0.576213295965803,0.21902702601188184,0.726716576673029,0.011846150455314036,0.7379528962979426,0.8370037354347868,0.8350239880727807,0.3630718013565098,-0.42207988344981706,0.40627001770697424,0.7602392070977758,-0.3776669369699443,0.06189041397277635,-0.5548178536447822,-0.41560282682099503,-0.3476204921053522,-0.223973286639287,0.15281612574786546,0.4617749797514985,-0.5729758439222425,-0.554277682231418,-0.468375662731469,-0.06604959814272482,-0.358305104973944,-0.18522768487723915,-0.35125825814676404,-0.0248893496001468,-0.38811263174689986,-0.13086978970590266,0.5005391197975824,0.3928825127807545,-0.41011186153162466,0.6777854857279123,0.7214133506662256,-0.47580570743984946,-0.5336581933387,-0.3959369582612305,-0.539947383128464,0.5566526772235296,0.7747052889630065,-0.26539236968524943,-0.2966836905419148,-0.410478420470635,0.5188863721545798,-0.3171617550076375,0.7989177733940798,0.776979179916665,-0.46244459551844197,0.4474119863306129,-0.3026535695752071,-0.42947614277739005,-0.3934320832766148,-0.1021699690708946,-0.3631760833446792,-0.4182714244507372,-0.5486030610495876,-0.4140124646216017,0.8242515285951797,-0.33891571645696916,-0.547353889157787,-0.3804517550654195,-0.3438087488033559,0.599710905920204,-0.45446027693180713,-0.5006090716421763,-0.47028309867153817,-0.5067383798464934,-0.4000363434862328,0.3899533578552171,-0.20802028809980802,-0.29213606904326006,0.5769974381772432,-0.1700734116937831,-0.5749451004306141,-0.16074163634495253,0.8493826271109897,-0.5999103578273953,-0.406469295522389,0.7103479781276837,-0.3312647340652864,-0.43018749903721576,-0.4568068602050951,0.5739096490837957,0.7838513479147216
Cer 42:2;O2,-0.43518195354478173,0.8805297860455327,0.7876264949830646,0.8319005121478538,0.8734669544450309,0.6906560626323992,1.0,-0.4780234845208517,0.8008717528093564,0.8047021569591247,0.7582846249385636,0.787410725649781,0.7848864940546827,0.7754466504374767,0.8009959307824039,0.8087088963655654,0.1440155675214858,-0.07461785224644724,0.16096463668069605,0.47751185062881163,-0.1910142310739178,-0.3761374416087074,-0.5646145378887903,0.26433286459790845,0.7498000897813566,0.12896128460226577,0.8243474317861935,0.7390860120069246,0.7177492765118533,0.41706497072282445,-0.38531587244438426,0.4836960349114308,0.8070713493681951,-0.30151724450924955,0.057455538136605415,-0.5705657587584743,-0.3622342597480145,-0.28475494023051307,-0.25679698422220226,0.20914287365875103,0.5292638118394282,-0.6532740164703419,-0.5007528542775217,-0.4525057055470247,-0.06725353275574805,-0.38628663539544755,-0.1007486332515921,-0.32814081759041774,0.019133870300846244,-0.3540382172139761,-0.02139123281353687,0.6354416589814881,0.5032667717748087,-0.3363732911921427,0.7656340623188487,0.7661893138305557,-0.399738282251976,-0.5699303835890408,-0.3017166013624237,-0.4369380547386436,0.6526620873657524,0.8114694882927286,-0.17257296634094121,-0.2672387042977736,-0.3345587804551823,0.6197151746003379,-0.21804940846192658,0.7399398515735441,0.7882835091312661,-0.4434966089419727,0.5770477335825631,-0.23832890457197303,-0.3801987379482084,-0.3649626427214839,-0.0354131588095433,-0.2589611724291358,-0.4045764699252565,-0.5195914141954434,-0.3538335870374236,0.7242152554571022,-0.19130908193408,-0.4799996936850833,-0.37358936915550606,-0.3118910394566299,0.73401583769801,-0.39046500857512184,-0.503715587863999,-0.3979824679378092,-0.41271095619755416,-0.3067690572056283,0.4226548054724413,-0.1085372313445344,-0.33467972245366046,0.7005125310974101,-0.21204591085420907,-0.5214703304571813,-0.06901984183441595,0.8159998550229351,-0.5219057357410435,-0.3474440823124841,0.7740564777372434,-0.3920679673183153,-0.46494298066425516,-0.47152839841258354,0.5981706562500414,0.8089798692127623
DG 35:0,0.7517041837169416,-0.5788012209217304,-0.6610473393027009,-0.5004353636695612,-0.5242356375106783,-0.5666236895513618,-0.4780234845208517,1.0,-0.6445396933475458,-0.6446710629878446,-0.6734501643685715,-0.6904417435292536,-0.6310168779973946,-0.6020655794866886,-0.6224929038241597,-0.6215800698191235,0.20523245402543472,0.12702029786048052,-0.06070106159780186,-0.14687326126361694,0.4909322399301376,0.2582309883739485,0.7915478716004858,0.2175779129258218,-0.5740959313376826,0.12348979843922893,-0.5407157870612805,-0.6841447521480007,-0.6804860620179419,-0.18953686438164857,0.7453578176799525,-0.20659700668736225,-0.6137912324871215,0.46506027019258056,0.043991639758427896,0.7167497152037565,0.6857373165276166,0.6631470383052056,0.5552085241009375,0.05605323778365539,-0.14261026199645482,0.682067483044972,0.771950785963342,0.6183286631451427,0.2525148512287068,0.6603629141277689,0.4915042851681106,0.7685809965054833,0.5209637748546123,0.45919098431625804,0.17966209350703444,-0.23834698961883782,-0.13191499170025214,0.49278980540651757,-0.5077496819213262,-0.5383702993574563,0.5806139951389043,0.66549335134744,0.6503385372406917,0.7551822937780533,-0.46649021942611124,-0.6374802125749763,0.3244629866698166,0.5050841483737276,0.6709363711071082,-0.4252170177072632,0.3331220267817508,-0.5610664576198758,-0.6942756020748232,0.7788168771210706,0.07021061261766035,0.5023574298822961,0.721914517062639,0.5025040797877205,0.30380151676136297,0.7333906016366841,0.6300541733618815,0.8322335928119904,0.7050461673612666,-0.6821148131813136,0.49140599524412554,0.781036831102928,0.6325838396060499,0.44717766052749497,-0.32240391027263776,0.5133939638902696,0.5524447563203563,0.585945360687913,0.6271926333648835,0.6568202165667414,-0.02641245171147724,0.25419181243732286,0.6207641270351993,-0.3985575397090528,0.5499649893474611,0.8079750865231676,0.5315644557371766,-0.6671194882816172,0.8630444862519767,0.7864843111727583,-0.5683316531168658,0.5736734883654094,0.5516256919603009,0.6766336297643382,-0.5548390856565021,-0.5576834019968376
Hex2Cer 40:0;O2,-0.6211179144219319,0.9137705699916886,0.802483727765659,0.7889497417260922,0.9176747079230624,0.7027961437432971,0.8008717528093564,-0.6445396933475458,1.0,0.9654006972657964,0.9029250594057191,0.8827602724394562,0.8856238409315659,0.8840579999849522,0.8952969495558633,0.9011426940754973,0.07196760003238054,-0.2057669675856554,0.14408309782002154,0.4918364569345231,-0.27882498129619576,-0.4912844418674857,-0.7277148049738122,0.2146161045798915,0.888035360133299,0.14814035278317816,0.9129820174797763,0.8204192842872291,0.7940229122754785,0.42424588689509857,-0.5487162582987214,0.5032879507771603,0.9244388829491295,-0.38526021356819345,-0.04789431785049492,-0.7469624884915652,-0.4938222658551803,-0.3816658333576264,-0.39527160787789434,0.20446983206774202,0.5195792103769651,-0.8046542529056755,-0.6875949131264261,-0.5943352811705943,-0.19010868051691357,-0.6189469241767065,-0.3180638083473075,-0.5615246072625426,-0.2105910246869807,-0.5243464671068079,0.00621811928532578,0.651945516227081,0.4718421755167288,-0.495052850236157,0.8539614636959494,0.840154859470461,-0.5577990579808536,-0.7198228399731362,-0.43138480022684866,-0.5753286557326617,0.7481570612947537,0.9222362069185603,-0.26942160224561057,-0.38408875877563897,-0.44942287901293776,0.7055095029891548,-0.26699274727926514,0.7435881782342961,0.8885772160049125,-0.6476933267220312,0.40070552160351414,-0.41895290097436716,-0.5608848767226847,-0.4829357677291886,-0.14060286726292395,-0.40943693676922144,-0.5794331349224822,-0.6416026713469105,-0.491104813194053,0.7821891013027825,-0.28334838414404595,-0.6598021177419816,-0.5721388724128468,-0.46655655324840195,0.7866917173491964,-0.5292623305117744,-0.6904645625984425,-0.5672895693611485,-0.5834608535954732,-0.43576224482173376,0.4911826150298333,-0.1395657209294969,-0.5489141521561416,0.7340391114966247,-0.41070688586391185,-0.7192895256827018,-0.21636699862758504,0.8662811916441705,-0.69789629241875,-0.5437068956000145,0.8551468646388591,-0.4831227519087909,-0.6380946741274542,-0.6823314838423282,0.673840141562426,0.8321206611901187
Hex2Cer 40:1;O2,-0.6361149921377464,0.9394696839088982,0.8090955554300193,0.7982281240133812,0.9356565795769045,0.7111385667480865,0.8047021569591247,-0.6446710629878446,0.9654006972657964,1.0,0.9146123426049692,0.888798081181761,0.8635963222332556,0.8769085686712822,0.8662191797893284,0.8930913978652882,0.08059390490675018,-0.16921531018407213,0.21683029947381838,0.5187512189158752,-0.29564065069667,-0.4446516762874645,-0.7235041269542541,0.22583367039717303,0.9099612074525779,0.11337684820175555,0.913741695756287,0.8172377809146745,0.7939173387861248,0.42165794905984444,-0.546764054102846,0.5426371685338175,0.9385390231642684,-0.4265050857843551,-0.04887554886114084,-0.7541589166770631,-0.49836689669593276,-0.3888810880684495,-0.3857647270472074,0.21654556158421412,0.5576625859294647,-0.8109265995973081,-0.6864047180611206,-0.5924631195406077,-0.20536431489691176,-0.5998413261527705,-0.3214511691849019,-0.5458402774398547,-0.19573974881809342,-0.5196885216537862,0.08782195957179763,0.681811146741987,0.5017883966378505,-0.4668291941575448,0.8595963155360665,0.8565078162834268,-0.558592024170152,-0.7341409456331663,-0.45463382889365705,-0.6105038013039964,0.7429276395742723,0.9435154925621381,-0.24854434665472247,-0.3687522751255747,-0.46027936104338196,0.6939436897340506,-0.3039494120380819,0.7551043925052789,0.8929610598840791,-0.6469486501611001,0.42589352490115273,-0.4077259269672816,-0.5546993322034315,-0.470925795564576,-0.11959931064632469,-0.4122654483160377,-0.5583562301099787,-0.6393100134394119,-0.49353823447325834,0.7755103016998826,-0.3124316587795563,-0.6697818971280998,-0.5414004335363591,-0.45998651921211653,0.8010563288488849,-0.5264699222828424,-0.683500908494985,-0.5607962101770743,-0.5939093187116922,-0.4583318511912433,0.5158375383144045,-0.17043070320201276,-0.5202475955456463,0.7246332625143017,-0.3691197832758008,-0.7277060926187678,-0.21091568064069735,0.8744408494391653,-0.7210088152313349,-0.5386173941434534,0.8635897529332065,-0.48369315437366434,-0.621557813408847,-0.6881246734472533,0.6887318917796952,0.8531102773346354
HexCer 36:1;O2,-0.6552486392746917,0.901316765301639,0.860515508121621,0.7568927252676054,0.8745011967156614,0.7727628391045769,0.7582846249385636,-0.6734501643685715,0.9029250594057191,0.9146123426049692,1.0,0.9083676974797038,0.8346420728856465,0.8270158997340605,0.844786609468434,0.8595787164597563,0.10476324275032864,-0.06653329710849726,0.13056942315395104,0.4527129649015564,-0.35803276007734436,-0.4589742516707958,-0.7096988491962223,0.199666597241653,0.8880757033343104,0.0009870955979741749,0.8646213106893195,0.8679378256398238,0.8451187722229564,0.3718157718368404,-0.5434314536411256,0.5042071028543709,0.9274752371289374,-0.4963418321534777,-0.05689827282238896,-0.7259121068246793,-0.5164978226881488,-0.41787614559904424,-0.3345910370140476,0.15005713234937287,0.5269366551985208,-0.7663849646553673,-0.6900586769694421,-0.592372193670686,-0.19468422629552462,-0.5207216313661696,-0.36725850997751636,-0.5067714988301371,-0.16156355448747564,-0.5244592539471564,-0.05265310385819331,0.6079711810348192,0.4420406816664907,-0.5057991680750029,0.8148338577166478,0.838333747830671,-0.6075225350232245,-0.7161961472420005,-0.4552351285547456,-0.6357551958602593,0.6877790874226011,0.9236498941591494,-0.3419278702433063,-0.36405328638234213,-0.4726120485178206,0.6529316889653606,-0.3967791450191709,0.7926839541898698,0.8874100690134709,-0.6260102321173737,0.41550525355666657,-0.4315990605186412,-0.5349673319633352,-0.5237101551019586,-0.1758017164841927,-0.42681354906450003,-0.5561233665689748,-0.6415516917738301,-0.4896677853807909,0.8299847027762854,-0.4018807354805587,-0.6723495200393765,-0.4861321199767801,-0.4689420532585108,0.7436151137179552,-0.5805991790840854,-0.6604147765022317,-0.6016857396810655,-0.6142484832439463,-0.45973360785753065,0.4641473977433676,-0.2604562778576469,-0.45348517270499306,0.6616980424072312,-0.3075796986060648,-0.7328387686881783,-0.21704111866948556,0.9055958703091873,-0.7372665507301978,-0.535869636268065,0.8621833253725534,-0.4723801771438609,-0.5967784929808063,-0.6466981797552753,0.6581455351123576,0.8335601883354794
HexCer 40:0;O2,-0.6038288557178317,0.9144963001927593,0.9226864236024384,0.7989795783500522,0.873499715143244,0.808661871769516,0.787410725649781,-0.6904417435292536,0.8827602724394562,0.888798081181761,0.9083676974797038,1.0,0.9193921831049501,0.8922187744094502,0.9253687839030998,0.9396358783230451,0.12152284159280588,-0.13390552496608307,0.15175836979399884,0.5186672408760925,-0.27322978385228847,-0.42654975587824584,-0.7013708364346675,0.2124069195582594,0.8632288031030153,0.09883576667018078,0.9220628925204278,0.95288844534188,0.9425283738910494,0.44394413078783845,-0.5167669207726748,0.5160420300840762,0.943937624951947,-0.41167403708989025,0.08783032644361075,-0.6813535772894812,-0.49323388375420757,-0.3774387544270984,-0.3139573458045286,0.20252135404897595,0.5497676536491034,-0.7462435624929584,-0.6412333128444413,-0.5664461701433662,-0.08432056639929449,-0.5164126067294742,-0.26740663092520606,-0.49781146699378237,-0.139657775168568,-0.46688669529315285,-0.10939784704431371,0.6531892120163088,0.5109849927229015,-0.4564833049411412,0.8467215529219231,0.8754809169950488,-0.5286187463730568,-0.6846446752236313,-0.4632499965804352,-0.6202955257478481,0.7292371150462651,0.9519890926724189,-0.25859703954706253,-0.36058989218307447,-0.4742414414792155,0.6838264804683664,-0.3093393440586264,0.8425190038835,0.9629085685287533,-0.583457175755856,0.4467608808240542,-0.35057145288698105,-0.5164769818192239,-0.4514706718738745,-0.12229421599283537,-0.4285429220468223,-0.5271011266874227,-0.6530929524070213,-0.49907149478092816,0.944644597302142,-0.34131169312321413,-0.6258496408710578,-0.4687332464183348,-0.41328953873098456,0.7587875110510232,-0.5150731579043728,-0.6154568519797778,-0.5302466916021167,-0.5616718410397465,-0.4671405598192872,0.42824148165395953,-0.19697948217782596,-0.4274136086196857,0.71808658528232,-0.27821503669774494,-0.6857232113322673,-0.16201135132604344,0.9660404114733707,-0.7129381020293066,-0.5007682617083965,0.8916490328125037,-0.4427652457994379,-0.5363882192116356,-0.5966328356077422,0.7098271401406533,0.8792665456947439
HexCer 40:1;O2,-0.5283885040059262,0.8746228237907631,0.8377679215805105,0.7895207016177956,0.8622831008013337,0.73615667832047,0.7848864940546827,-0.6310168779973946,0.8856238409315659,0.8635963222332556,0.8346420728856465,0.9193921831049501,1.0,0.9240840772916601,0.9627107262098843,0.9519176124754631,0.06911299117589363,-0.21530260664758918,0.1632216887261376,0.5358714336788347,-0.19608146663383663,-0.40231659506233175,-0.662386901662405,0.20499394435294555,0.8082863091328544,0.20625348941201258,0.904397039563549,0.8762127450434035,0.8602794352629822,0.4834734078827513,-0.46669275889477774,0.5146882664947083,0.8908030000602495,-0.30607855261711386,0.10152810010243533,-0.6351845059660391,-0.4295473124319815,-0.31141146616209175,-0.32946722645871135,0.27669912135094993,0.5435574624719457,-0.7388510312035718,-0.5945754471388714,-0.5018881732797565,-0.02512467038185848,-0.541009559345994,-0.22709690803617233,-0.4988769978173997,-0.13898665651450445,-0.4026605173676408,-0.07571082075919632,0.6675680257759528,0.5367655820995783,-0.39982720767036317,0.8357443369629759,0.8515844498561791,-0.4468992991166388,-0.6467254851428605,-0.38258443619357996,-0.5141531580990804,0.7604572803709445,0.8989369770473125,-0.1955288261573264,-0.34887943923728737,-0.40936785304173356,0.7115653340963456,-0.19909491337740104,0.7759492376824312,0.9134556653322129,-0.5578103322034841,0.4489213279483523,-0.29816030664541776,-0.4724516103276931,-0.40701338882135285,-0.0466354126287662,-0.36246340213678213,-0.4870920036485599,-0.6026546077070202,-0.4526110127561396,0.8754594011196511,-0.22452393256631206,-0.5606502586913794,-0.47732918472241936,-0.3496050607205113,0.7721089737841627,-0.4357782619264962,-0.5670844433903023,-0.4566924033221977,-0.47503937956548725,-0.3860137502984252,0.3899001273859895,-0.0980969611500467,-0.4484187070276143,0.7743177076496847,-0.32776884093776965,-0.6267671723313516,-0.12017140126404806,0.886465084396074,-0.6255383969005358,-0.46478025556969665,0.8586609290605293,-0.44612721664767285,-0.5269855093008178,-0.5743892738125588,0.7022351142496416,0.8267230956402571
HexCer 40:2;O2,-0.520129191714013,0.8819470784024662,0.8127654182343449,0.7820416096827251,0.8724211711408375,0.7118342235181373,0.7754466504374767,-0.6020655794866886,0.8840579999849522,0.8769085686712822,0.8270158997340605,0.8922187744094502,0.9240840772916601,1.0,0.9131982580184473,0.9255453290525584,0.058299023675859804,-0.22158953945007753,0.17802021887230288,0.5448153313044234,-0.18015157779991342,-0.41440863496975766,-0.658685157828522,0.21307413763606614,0.8177654599617259,0.21871499301044542,0.8992122041479578,0.838842792399791,0.8249089545522446,0.48434989488035585,-0.451337445597593,0.5300105484343297,0.8855622965221461,-0.3029608882386126,0.08708339378204016,-0.6401602225360228,-0.41797610597506907,-0.2966239226851575,-0.33965068803009746,0.265098452250493,0.538933464924951,-0.7505225358625685,-0.5839183505114605,-0.5053321398232461,-0.04531405317217758,-0.5470114067075099,-0.2287759535669731,-0.4909129363738841,-0.1410394513858296,-0.42378529651725655,-0.030713214000680625,0.6829493455431982,0.5306376539733817,-0.4032968891748362,0.8346871335128204,0.8417975897256915,-0.44566821094673736,-0.6591004147349121,-0.3934855336724489,-0.5183625209424412,0.7605957863066166,0.8949812544488791,-0.17643452077459285,-0.34383250600178733,-0.40627632002405106,0.7038753708319901,-0.1894208693882533,0.7601166752767666,0.8933494774999808,-0.5512255966739844,0.4502372330058088,-0.302578634638002,-0.4721559047903144,-0.3993747992465972,-0.03851427529419796,-0.35189189526514664,-0.49155192009615734,-0.586528488858277,-0.4534389252340011,0.8258522446667945,-0.2224971722583445,-0.5543187067615005,-0.47558571862601057,-0.36682240509837755,0.7831819983400801,-0.43607531363163793,-0.5938567276011117,-0.4562290985101806,-0.483546837232977,-0.3959085434315034,0.4120352134400921,-0.09340925735450187,-0.4439348382667536,0.7707837511440564,-0.3169828028306217,-0.6199413193428306,-0.11534520880024515,0.8654833762815534,-0.6204086020667464,-0.45291012734964975,0.8432050501697376,-0.4382389405481288,-0.5170275243360636,-0.5893416930648679,0.6712341010485479,0.814159041930476
HexCer 42:1;O2,-0.5331882414522464,0.8826010829933347,0.8434067565053208,0.7945554984846467,0.8718838228708702,0.7424947762851442,0.8009959307824039,-0.6224929038241597,0.8952969495558633,0.8662191797893284,0.844786609468434,0.9253687839030998,0.9627107262098843,0.9131982580184473,1.0,0.967856856722265,0.07653160282509833,-0.19970864068668442,0.15353945377270994,0.5338384191265542,-0.20838242997090167,-0.40833278715536125,-0.6461032431795666,0.21287352121107359,0.8190249157464417,0.1841667487809156,0.9070926422373776,0.8762950445776848,0.857474950874114,0.4753873477508656,-0.4644598583040545,0.5115018036956034,0.8993977942905096,-0.32421442373896303,0.07132968159200148,-0.6366790328009637,-0.4202245382578146,-0.31083024542138316,-0.31914159439520695,0.28681039928026564,0.5548556632836738,-0.7419762341756408,-0.5964039581840639,-0.5029795762228355,-0.03815839408634461,-0.5338441338692559,-0.2412879264812915,-0.4908915965424559,-0.130489540136897,-0.39364296049475295,-0.07051765022046504,0.6770003266767395,0.5499867435617587,-0.39777920452614385,0.8437807217009794,0.8595783214314602,-0.4534011238928147,-0.6476811783933609,-0.3444094867932709,-0.49413461169347656,0.7632445805886927,0.9069240110697149,-0.21419805551529814,-0.32973918954208664,-0.3830917737939542,0.7275637691962228,-0.22426677752369084,0.767388009548319,0.9116214769975084,-0.5605884391360427,0.46136574742709924,-0.30256839242367256,-0.4608692066260353,-0.4209521694261943,-0.05765407947489907,-0.3385831991667655,-0.4829405683005842,-0.5896681797415555,-0.428189143871375,0.8796281761882163,-0.22351417800156118,-0.5558615367607429,-0.4680824505132039,-0.34307361915565693,0.7798773291176779,-0.4426488342059661,-0.5599872814653478,-0.4602839272811901,-0.47135037008779157,-0.349154022651359,0.39290235055084544,-0.1112751783751722,-0.4496539544319867,0.7751322874023348,-0.3291093181253028,-0.6232643097504552,-0.11144320120944252,0.893748984197665,-0.6176240405147553,-0.4626381108010101,0.8734918525497315,-0.45573500566800873,-0.5410709471046523,-0.5696044199751787,0.7165178808612398,0.8338743480714813
HexCer 42:2;O2,-0.5464630013418815,0.9105528657580374,0.8585048898283092,0.8081849748688592,0.8894041203105247,0.7723711210491582,0.8087088963655654,-0.6215800698191235,0.9011426940754973,0.8930913978652882,0.8595787164597563,0.9396358783230451,0.9519176124754631,0.9255453290525584,0.967856856722265,1.0,0.08404133497852272,-0.19281681754650876,0.1694598867282544,0.5522291591458252,-0.2073519275553504,-0.4203141048591522,-0.6522073701878828,0.22711120342082364,0.8510817513276419,0.18014718294937002,0.9238972221711452,0.8820021754404536,0.8715465663275832,0.48835404304183366,-0.45432812832490693,0.5326908793155692,0.9195752393077388,-0.3461850184077687,0.06451758177514265,-0.6448205635303355,-0.4135360761102081,-0.3100831801903121,-0.3215076626605559,0.2955173171224431,0.5720181126438979,-0.7626936251041464,-0.60003623564711,-0.5134984488403365,-0.05559574781193012,-0.5396023371888589,-0.25705203861832254,-0.4889106659047785,-0.13294954841929094,-0.4117940986928635,-0.032296416897514765,0.7101249962629258,0.5643931394856931,-0.4098990967567994,0.8595468841937035,0.8758119100114161,-0.46570780663566197,-0.6690956369539367,-0.35570191235328974,-0.5180208830303256,0.7663679184139953,0.933642710198075,-0.2072549396793764,-0.32313353909664605,-0.3860538582227818,0.7208447839778003,-0.23932735514108416,0.7802808736651387,0.9218573790130967,-0.5662657467082864,0.46787606882364585,-0.30973278957832534,-0.4718500809878562,-0.42332481828179774,-0.052766515290086725,-0.33604141455712655,-0.48541992788459853,-0.591231311363039,-0.42645538138261746,0.8753148036629443,-0.24839231834902223,-0.5629992869430768,-0.4662500599929931,-0.36069600647208283,0.7999282132739068,-0.457932193826233,-0.5904311092859128,-0.4712637210549328,-0.49572932606044295,-0.3615995503027561,0.4217749884297582,-0.1263637495808002,-0.44642932013816816,0.7802974396260167,-0.3125344270143595,-0.6316424702347304,-0.10896253586112885,0.9123752950468401,-0.6366535537237358,-0.46596834387076297,0.8782292596348569,-0.45512229025732814,-0.5326079691348413,-0.5911290935272444,0.7056405209569342,0.8470258526230494
LPA 18:1,0.08217137592740018,0.1390298482911524,0.1856857881097327,0.15317295303638945,0.1263841190213156,0.2009298905332203,0.1440155675214858,0.20523245402543472,0.07196760003238054,0.08059390490675018,0.10476324275032864,0.12152284159280588,0.06911299117589363,0.058299023675859804,0.07653160282509833,0.08404133497852272,1.0,0.22428087456351642,-0.008238955399443535,0.04391857946408813,0.03745674723422904,-0.0317009880345954,-0.007778678926960718,0.6376304710329034,0.13758758986537675,-0.048530675368798716,0.16665730120791852,0.1813100413448632,0.18668069958878764,0.16810668101053092,0.14938913233471945,0.017935807971829157,0.11842089890497942,-0.0035292375127686936,0.2660599972341652,0.16423569946148456,0.11769767080806236,0.21204732182868635,0.6491864306634272,0.14800890179519416,0.46131586980330175,0.3903153308976263,0.13755709406747352,0.09430870484914453,0.21577871805441995,0.4066769013107684,0.4713378888203747,0.42134979715956394,0.5560840186396745,0.125521279789843,-0.07777830773906863,0.14296745655608858,0.21676076888744603,0.09920909977576516,0.0720396558828506,0.12047100066838101,0.0668436276911602,0.401302201316843,0.03727813579232406,-0.031182381886974905,0.027638620534939984,0.11352148081562614,0.027889664901456952,0.035544892015387984,0.022707007826785818,0.02790188707962421,-0.05074007999356964,0.27802300302837035,0.11957615292637652,0.35252925310707345,0.4623534101321276,0.26058902331221545,0.17739828808346952,0.29297628049829727,0.1616429831249049,0.11976142332198789,0.3452245823426896,-0.01802164687443828,0.3207863071479805,0.1813296095736001,-0.018271433610150746,0.03413083836709903,0.11920186595080214,0.11942961721764989,0.07840752235398128,0.03922782735842807,0.1264306503357042,0.09335848590492368,0.04647865703279186,0.03796703034110116,0.7529461864539196,-0.008154374455145497,0.39952778761741053,0.1302274775998152,0.37669934346434797,0.07510676619712245,0.2004839686785555,0.1785296723179729,0.06539277097532323,0.24468764021053344,0.0916181715713333,0.5293381862852476,0.12269057936490019,0.2750160124232547,0.09221057952851676,0.2650508629679073
LPC 16:0,-0.020058490264500857,-0.1068937168059037,-0.02280689792693129,-0.07805885939889522,-0.12818412606237709,0.036402630814646834,-0.07461785224644724,0.12702029786048052,-0.2057669675856554,-0.16921531018407213,-0.06653329710849726,-0.13390552496608307,-0.21530260664758918,-0.22158953945007753,-0.19970864068668442,-0.19281681754650876,0.22428087456351642,1.0,-0.0255815465083809,-0.15040350037935632,-0.3600329616911452,0.15545271578597375,0.21698720268184488,0.10170542040368775,-0.037911008626080926,-0.5978674960475282,-0.16705910222454365,-0.05627417006432484,-0.04815873065296236,-0.16990795678311374,0.11474724677600498,-0.10149936239650797,-0.16429405700576274,-0.3802466344895412,-0.11046136599324728,0.11587607916079266,0.05851787313245397,-0.0931527940972203,0.19926066899085562,-0.08238930791826314,0.01391476912783464,0.257548152612354,0.01862323031354712,0.08928838394008941,-0.005960860619840334,0.36895909696136986,0.020299164655943204,0.30579857248994835,0.2585041898258678,0.09844135272406253,0.030272066264379473,-0.1435692787425129,-0.095641418401898,0.06697108151277908,-0.12337388039736401,-0.10983073448656644,-0.08554627835246215,0.1864146000130946,0.11431482131235914,0.006779989977799141,-0.20463348473390677,-0.1428095355641582,-0.12198637629049451,0.12860392967663128,0.07489817338047675,-0.1808638680971798,-0.4400754454951467,0.023983367665404074,-0.14861423487107195,0.10045493386582374,0.07665980874624347,0.00299006568251051,0.11072887565732878,-0.21749349374994584,-0.04102957166004516,0.07112074405804712,0.1295690887215912,0.08513031941259865,0.09868657824808597,-0.06072007519454573,-0.33709515348613234,0.030838755392146658,0.2839288895896149,0.08277018769456114,-0.1550358352634942,-0.08770019953596442,0.1881449035248947,-0.031087750557344432,0.05060419629006173,0.10632393638669184,0.07677212934493714,-0.4017927971065417,0.23898825566318568,-0.15616590175163894,0.24794143684209963,0.10494336431731274,-0.017155054880817387,-0.07582222716884113,0.06800228687681963,0.0968731801023259,-0.09287102905555845,-0.059823560754310535,0.09298736549071768,0.211762682034349,-0.09151700018584957,-0.025057810341333437
